0.39303135871887207
0.3551959991455078
0.34650158882141113
0.3718686103820801
0.3321394920349121
0.34855008125305176
0.3605074882507324
0.37722086906433105
0.3448598384857178
0.353778600692749
0.3368854522705078
0.3659672737121582
0.33748698234558105
0.44940829277038574
0.33533763885498047
0.3597259521484375
0.35043883323669434
0.34956812858581543
0.4000859260559082
0.3403584957122803
0.33583736419677734
0.3376457691192627
0.33051252365112305
0.3547689914703369
0.34429430961608887
0.3360588550567627
0.35031676292419434
0.33701109886169434
0.34102630615234375
0.3540782928466797
0.36092472076416016
0.34166669845581055
0.4234170913696289
0.3398573398590088
0.34139513969421387
0.34102392196655273
0.33652329444885254
0.3435218334197998
0.3346700668334961
0.33051562309265137
0.32793402671813965
0.3326406478881836
0.3457612991333008
0.3549468517303467
0.33608055114746094
0.3493161201477051
0.33429837226867676
0.33139944076538086
0.4178891181945801
0.3391861915588379
0.33863091468811035
0.3427245616912842
0.34524011611938477
0.44897890090942383
0.3332982063293457
0.45224475860595703
0.33606433868408203
0.33370542526245117
0.3626735210418701
0.34092068672180176
0.3400237560272217
0.34456872940063477
0.3470304012298584
0.4299774169921875
0.34256434440612793
0.34204769134521484
0.3362007141113281
0.41462087631225586
0.3296055793762207
0.33261895179748535
0.32863497734069824
0.45146632194519043
0.3378486633300781
0.3362553119659424
0.3336832523345947
0.34269142150878906
0.33574557304382324
0.3428609371185303
0.343966007232666
0.33312201499938965
0.3612666130065918
0.3461923599243164
0.33744382858276367
0.33702707290649414
0.35150599479675293
0.3488163948059082
0.34945082664489746
0.34395742416381836
0.3362002372741699
0.349212646484375
0.3504960536956787
0.3405303955078125
0.33896946907043457
0.35297632217407227
0.3430633544921875
0.3343827724456787
0.35088396072387695
0.3393590450286865
0.3410508632659912
0.3379509449005127
