0.1484661102294922
0.13289856910705566
0.1358795166015625
0.13779640197753906
0.13730192184448242
0.13661956787109375
0.13342571258544922
0.13786602020263672
0.1363227367401123
0.13456058502197266
0.13602995872497559
0.1342630386352539
0.1347215175628662
0.13462305068969727
0.13642621040344238
0.13387274742126465
0.1589491367340088
0.13512468338012695
0.1392831802368164
0.13254332542419434
0.13810324668884277
0.13586974143981934
0.13652944564819336
0.1380009651184082
0.13447356224060059
0.13540005683898926
0.1358957290649414
0.13402676582336426
0.1406726837158203
0.1359097957611084
0.13495397567749023
0.13619089126586914
0.13255572319030762
0.13795924186706543
0.13380002975463867
0.13642597198486328
0.13610458374023438
0.1379680633544922
0.13742899894714355
0.13509750366210938
0.13744401931762695
0.13401579856872559
0.1315290927886963
0.1367025375366211
0.13672375679016113
0.1369025707244873
0.13794279098510742
0.1329975128173828
0.13524985313415527
0.1370234489440918
0.1356046199798584
0.13419151306152344
0.13414597511291504
0.1347212791442871
0.1354079246520996
0.13605999946594238
0.1365046501159668
0.13831114768981934
0.1374506950378418
0.13735198974609375
0.13237977027893066
0.13567543029785156
0.13656353950500488
0.13314580917358398
0.13477611541748047
0.1379227638244629
0.13559627532958984
0.14119315147399902
0.13360261917114258
0.13478636741638184
0.13963770866394043
0.14220595359802246
0.1368875503540039
0.13724112510681152
0.1369626522064209
0.13718867301940918
0.13500738143920898
0.13492250442504883
0.13448047637939453
0.1333458423614502
0.13632988929748535
0.1337110996246338
0.13627123832702637
0.13835549354553223
0.13562846183776855
0.1387462615966797
0.13319087028503418
0.13576841354370117
0.135239839553833
0.13885974884033203
0.1324760913848877
0.13400793075561523
0.1375277042388916
0.13537955284118652
0.1321563720703125
0.13806891441345215
0.13534927368164062
0.13567399978637695
0.13439607620239258
0.13766098022460938
