1.0973496437072754
0.6266131401062012
0.7086396217346191
0.6400530338287354
0.8092772960662842
0.6067242622375488
0.7413215637207031
0.5723068714141846
0.5777037143707275
0.6026816368103027
0.6355371475219727
0.7958705425262451
0.6054081916809082
0.631145715713501
0.6443271636962891
0.8088102340698242
0.5984523296356201
0.7130062580108643
0.5969507694244385
0.610919713973999
0.5982506275177002
0.6957638263702393
0.5710797309875488
0.6869685649871826
0.7015740871429443
0.7062516212463379
0.6247985363006592
0.628443717956543
0.6453430652618408
0.5774247646331787
0.737199068069458
0.7216355800628662
0.5822861194610596
0.7615435123443604
0.5810017585754395
0.6526648998260498
1.025179386138916
0.6021769046783447
0.6350123882293701
0.6708917617797852
0.7765169143676758
0.6146292686462402
0.6027939319610596
0.5815656185150146
0.5734050273895264
0.5875589847564697
0.6531801223754883
0.594663143157959
0.645667552947998
0.760697603225708
0.5717308521270752
0.583209753036499
0.5716829299926758
0.600053071975708
0.6022589206695557
0.6012098789215088
0.5995001792907715
0.6222670078277588
0.5838181972503662
0.5995645523071289
0.5911016464233398
0.6302003860473633
0.5781323909759521
0.609083890914917
0.5939278602600098
0.5834052562713623
0.6568834781646729
0.5884513854980469
0.5726199150085449
0.6076087951660156
0.5985257625579834
0.6810777187347412
0.6150717735290527
0.6109240055084229
0.6030385494232178
0.5813119411468506
0.622577428817749
0.5842537879943848
0.5963945388793945
0.5840044021606445
0.5715956687927246
0.606544017791748
0.5949769020080566
0.5838539600372314
0.7043190002441406
0.5766189098358154
0.6019697189331055
0.5815637111663818
0.6660470962524414
0.5982811450958252
0.5725827217102051
0.6291489601135254
0.624394416809082
0.6080591678619385
0.5989665985107422
0.5885274410247803
0.7035250663757324
0.6202199459075928
0.5743288993835449
0.6962180137634277
