0.202162504196167
0.18759489059448242
0.18979835510253906
0.19137978553771973
0.2507212162017822
0.18995189666748047
0.19756269454956055
0.20084595680236816
0.18729805946350098
0.19028854370117188
0.18804168701171875
0.18828845024108887
0.18723368644714355
0.1912074089050293
0.18737363815307617
0.18939948081970215
0.3963749408721924
0.19792485237121582
0.1894068717956543
0.1913609504699707
0.1890552043914795
0.19023799896240234
0.19467973709106445
0.19142413139343262
0.19623589515686035
0.19609522819519043
0.19339942932128906
0.20597219467163086
0.19713854789733887
0.19295144081115723
0.19118046760559082
0.1886143684387207
0.19169116020202637
0.1886138916015625
0.19431233406066895
0.1927933692932129
0.19074010848999023
0.19411444664001465
0.19919419288635254
0.1908738613128662
0.18902373313903809
0.19175338745117188
0.19817447662353516
0.19736981391906738
0.18798828125
0.1899268627166748
0.19358110427856445
0.19241833686828613
0.1940746307373047
0.5393168926239014
1.2051713466644287
0.1868910789489746
0.20125961303710938
0.19080543518066406
0.26585912704467773
0.6870546340942383
0.18971872329711914
0.19254279136657715
0.24202680587768555
0.28048157691955566
0.20514631271362305
0.1910390853881836
0.1902601718902588
0.19402694702148438
0.19047212600708008
0.1872718334197998
0.19078898429870605
0.19214820861816406
0.19339227676391602
0.19777822494506836
0.1934061050415039
0.19680500030517578
0.19450998306274414
0.1980452537536621
0.19712138175964355
0.19333839416503906
0.1913008689880371
0.2077484130859375
0.2574751377105713
0.19238638877868652
0.19899296760559082
0.19443416595458984
0.1912856101989746
0.19446754455566406
0.1914975643157959
0.1908893585205078
0.1903371810913086
0.19765114784240723
0.3682734966278076
0.19271492958068848
0.2736220359802246
0.19132447242736816
0.18957853317260742
0.19221162796020508
0.2858426570892334
0.19349026679992676
0.3564901351928711
0.19286608695983887
0.1909008026123047
0.19068479537963867
