0.35193967819213867
0.3490726947784424
0.348236083984375
0.34086155891418457
0.3429300785064697
0.35709547996520996
0.369504451751709
0.3448514938354492
0.34108686447143555
0.35762619972229004
0.3628666400909424
0.34849977493286133
0.34931373596191406
0.3488025665283203
0.3404231071472168
0.34659743309020996
0.3533632755279541
0.3477358818054199
0.3556520938873291
0.3840630054473877
0.34557628631591797
0.33884286880493164
0.3412134647369385
0.336944580078125
0.35018086433410645
0.3420088291168213
0.34894728660583496
0.34161901473999023
0.3502485752105713
0.34555888175964355
0.34645867347717285
0.3549211025238037
0.34221792221069336
0.34053945541381836
0.41344356536865234
0.35040903091430664
0.3897278308868408
0.3417050838470459
0.4156455993652344
0.36379075050354004
0.3591952323913574
0.35746335983276367
0.35033750534057617
0.36274170875549316
0.3515303134918213
0.3456251621246338
0.7816886901855469
0.33856964111328125
0.3463153839111328
0.4647865295410156
0.34842991828918457
0.34755825996398926
0.36382436752319336
0.3436417579650879
0.3609294891357422
0.3656041622161865
0.33843016624450684
0.3593111038208008
0.33902788162231445
0.345583438873291
0.3413882255554199
0.3397665023803711
0.33956170082092285
0.3510410785675049
0.3359954357147217
0.3584597110748291
0.34241461753845215
0.3398935794830322
0.3418087959289551
0.34706568717956543
0.33655261993408203
0.3463919162750244
0.3436100482940674
0.35309791564941406
0.338346004486084
0.3468806743621826
0.3578217029571533
0.3437662124633789
0.3675813674926758
0.3459932804107666
0.3492014408111572
0.3482837677001953
0.34014081954956055
0.34604835510253906
0.3413660526275635
0.3496417999267578
0.3377218246459961
0.3383293151855469
0.3397824764251709
0.35660409927368164
0.33922505378723145
0.3365461826324463
0.3585019111633301
0.33780932426452637
0.3418593406677246
0.34142446517944336
0.3412947654724121
0.33835339546203613
0.33992886543273926
0.33742523193359375
