0.363004207611084
0.32445597648620605
0.33863401412963867
0.3267085552215576
0.30596089363098145
0.3140888214111328
0.466841459274292
1.3064889907836914
0.3162980079650879
0.3001718521118164
0.2998623847961426
0.3088548183441162
0.31308436393737793
0.3011040687561035
0.3154935836791992
0.31434178352355957
0.31053996086120605
0.40015077590942383
0.4758930206298828
0.32460808753967285
0.303668737411499
0.32173776626586914
0.314178466796875
0.3153042793273926
0.3320193290710449
0.2964644432067871
0.3126220703125
0.31438660621643066
0.7466764450073242
0.31675219535827637
0.29935359954833984
0.3135206699371338
0.31142544746398926
0.2903256416320801
0.298755407333374
0.3095118999481201
0.2976839542388916
0.35280513763427734
0.3116748332977295
0.31607866287231445
0.31021761894226074
0.2992730140686035
0.2929720878601074
0.2926657199859619
1.3110589981079102
0.41119837760925293
0.297421932220459
0.3006141185760498
0.29940223693847656
0.3513779640197754
0.31960535049438477
0.3085806369781494
0.2921876907348633
0.3104984760284424
0.31406140327453613
0.2924487590789795
0.3674943447113037
0.3084418773651123
0.3005237579345703
0.36000895500183105
0.30184435844421387
0.30402445793151855
0.3036532402038574
0.30463218688964844
0.38329315185546875
0.29623985290527344
1.3259646892547607
0.3167412281036377
0.3793513774871826
0.29835987091064453
0.3141014575958252
0.30933189392089844
0.3250997066497803
0.32561516761779785
0.3456737995147705
0.2931210994720459
0.30278491973876953
0.32135987281799316
0.3077516555786133
0.3118312358856201
0.3075394630432129
0.35881948471069336
0.3822052478790283
0.3309502601623535
0.3106067180633545
0.31386733055114746
0.32245969772338867
0.31163859367370605
1.3030948638916016
0.3525047302246094
0.30300116539001465
0.3064427375793457
0.28932952880859375
0.29967784881591797
0.2890503406524658
0.30589771270751953
0.3032357692718506
0.29521751403808594
0.29810667037963867
0.306469202041626
