0.3092026710510254
0.28478455543518066
0.2895619869232178
0.33911871910095215
0.2845339775085449
0.2955806255340576
0.34198570251464844
0.3411421775817871
0.3386232852935791
0.5916566848754883
0.297119140625
0.28465723991394043
0.29622483253479004
0.28920459747314453
0.2952749729156494
0.5617687702178955
0.3396024703979492
0.289165735244751
0.3408513069152832
0.2990846633911133
0.28912997245788574
0.31148290634155273
0.29363346099853516
0.29800939559936523
0.4894416332244873
0.35042715072631836
0.29099106788635254
0.29017066955566406
0.293792724609375
0.30550718307495117
0.2885308265686035
1.301856517791748
0.29738616943359375
0.29799890518188477
0.3382563591003418
0.2900838851928711
0.3391079902648926
0.2910025119781494
0.503150224685669
0.28867125511169434
0.2886810302734375
0.2857685089111328
0.35109806060791016
0.286529541015625
0.28794002532958984
0.3582768440246582
0.3386664390563965
0.3984956741333008
0.28641271591186523
0.35468196868896484
0.33693456649780273
0.35356855392456055
0.2944958209991455
0.29549574851989746
0.2872483730316162
0.2871072292327881
0.2847585678100586
0.2906303405761719
0.4973151683807373
0.3377065658569336
0.28534436225891113
0.35091423988342285
0.28203725814819336
0.3097403049468994
0.3433201313018799
0.28381824493408203
0.28341221809387207
0.345104455947876
0.29311156272888184
0.3430485725402832
0.29029369354248047
0.29145383834838867
1.2948808670043945
0.2861180305480957
0.28572845458984375
0.3100106716156006
0.29300642013549805
0.2858452796936035
0.4910163879394531
0.29074883460998535
0.2916874885559082
0.4076197147369385
0.3467268943786621
0.29206323623657227
0.3095693588256836
1.2972867488861084
0.287933349609375
0.28719043731689453
0.28497815132141113
0.34348034858703613
0.35374975204467773
0.29097533226013184
0.2873036861419678
0.3216097354888916
0.29895687103271484
0.3154911994934082
0.28765225410461426
0.2928743362426758
0.2991211414337158
