0.5643162727355957
0.5637779235839844
0.6915266513824463
0.5836191177368164
0.5369102954864502
0.5495889186859131
0.5628995895385742
0.685269832611084
0.8133401870727539
0.5778071880340576
0.5883419513702393
0.628563642501831
0.5765221118927002
0.5699265003204346
0.5572588443756104
0.5447134971618652
0.5858523845672607
0.5413086414337158
0.5632565021514893
0.5454809665679932
0.5564875602722168
0.5391387939453125
0.5661270618438721
0.5421741008758545
0.7982885837554932
0.6516692638397217
0.5543735027313232
0.5371320247650146
0.5309967994689941
0.6212098598480225
0.5334866046905518
0.6175796985626221
0.5391597747802734
0.5231010913848877
0.5477266311645508
0.5362334251403809
0.5508356094360352
0.547907829284668
0.5559628009796143
0.5473940372467041
0.5264956951141357
0.6477346420288086
0.5224993228912354
0.531801700592041
0.5649442672729492
0.6534421443939209
0.5288519859313965
0.5688619613647461
0.5959382057189941
0.537308931350708
0.535222053527832
0.561431884765625
0.5611402988433838
0.5234236717224121
0.6098296642303467
0.5909063816070557
0.5521395206451416
0.5319879055023193
0.5239496231079102
0.9903247356414795
0.5516374111175537
0.5799546241760254
0.525498628616333
0.567131757736206
0.5263750553131104
0.5268714427947998
0.5398240089416504
0.5481855869293213
0.5469067096710205
0.5705666542053223
0.6935641765594482
0.5280575752258301
0.5712285041809082
0.5213260650634766
0.5430269241333008
0.5318586826324463
0.5415670871734619
0.5580084323883057
0.6816620826721191
0.52992844581604
0.7393288612365723
0.5347461700439453
0.6037414073944092
0.5315408706665039
0.5523202419281006
0.7199239730834961
0.6475410461425781
0.7587578296661377
0.5366537570953369
0.5357344150543213
0.528527021408081
0.5408565998077393
0.7844579219818115
0.5833430290222168
0.8826191425323486
0.5406875610351562
0.6918675899505615
0.8156435489654541
0.5640947818756104
0.7765970230102539
