31.996354818344116
0.38892245292663574
0.3695859909057617
0.451338529586792
0.3711216449737549
0.3367156982421875
0.36770200729370117
0.37027478218078613
0.4501688480377197
0.3526332378387451
0.33899879455566406
0.3395688533782959
0.35362672805786133
0.3473317623138428
0.34317541122436523
0.3639492988586426
0.3450794219970703
0.34445953369140625
0.33301663398742676
0.3507530689239502
0.3341975212097168
0.3446078300476074
0.3570265769958496
0.34868454933166504
0.3748016357421875
0.41515135765075684
0.3793373107910156
0.38037586212158203
0.4419407844543457
0.3616197109222412
0.3561527729034424
0.5636518001556396
0.3345463275909424
0.3372020721435547
0.36884450912475586
0.3610506057739258
1.348999261856079
0.9969334602355957
0.6136107444763184
0.34714770317077637
0.3704543113708496
0.35111355781555176
0.3539144992828369
0.36426734924316406
0.35532546043395996
0.48748064041137695
0.5178639888763428
0.34867095947265625
0.33767127990722656
0.33724331855773926
0.3451828956604004
0.34412336349487305
0.34723711013793945
0.33043503761291504
0.4138519763946533
0.4246549606323242
0.35153913497924805
0.3590099811553955
0.5946252346038818
0.3518962860107422
0.38318347930908203
0.3858301639556885
0.3430612087249756
0.4856271743774414
0.504000186920166
0.4962036609649658
0.35424351692199707
0.4701828956604004
0.4721076488494873
0.4590451717376709
0.35941624641418457
0.34224772453308105
0.33673739433288574
0.36521053314208984
0.3455054759979248
0.33525872230529785
0.46822261810302734
0.3669111728668213
0.3381929397583008
0.3624289035797119
0.33080053329467773
0.48631906509399414
0.3825364112854004
0.34656667709350586
0.3543708324432373
0.3341236114501953
0.34305596351623535
0.36524486541748047
0.3419802188873291
0.3365952968597412
0.3550255298614502
0.3535425662994385
0.361173152923584
0.34313201904296875
0.3327670097351074
0.36414432525634766
0.3645296096801758
1.4057807922363281
0.3534684181213379
0.36084651947021484
