0.26717662811279297
0.3236982822418213
0.26720333099365234
0.25615787506103516
0.26370930671691895
0.29700374603271484
0.2541048526763916
0.2602260112762451
0.2555885314941406
0.25800466537475586
0.25995683670043945
0.25656890869140625
0.25715208053588867
0.2575814723968506
0.2565944194793701
0.2751426696777344
0.2516512870788574
0.26480889320373535
0.2675037384033203
0.2655949592590332
0.2555258274078369
0.25832462310791016
0.25747013092041016
0.25566792488098145
0.25551652908325195
0.2649052143096924
0.25713586807250977
0.2571837902069092
0.2585723400115967
0.2569770812988281
0.25505948066711426
0.26104283332824707
0.26846909523010254
0.2646911144256592
0.26270079612731934
0.2613866329193115
0.25791335105895996
0.25865888595581055
0.2681732177734375
0.2628474235534668
0.3888266086578369
0.25786328315734863
0.2624812126159668
0.2611691951751709
0.2575225830078125
0.2566103935241699
0.25838541984558105
0.26656389236450195
0.2542910575866699
0.5678105354309082
0.3276677131652832
0.26432108879089355
0.25626587867736816
0.25575900077819824
0.25861620903015137
0.26865625381469727
0.26845479011535645
0.2656428813934326
0.2561771869659424
0.26627564430236816
0.41460657119750977
0.2570652961730957
0.45429468154907227
0.256929874420166
0.2587857246398926
0.26071667671203613
0.25749778747558594
0.5563240051269531
0.2644219398498535
0.2663435935974121
0.27770066261291504
0.2560279369354248
0.2665979862213135
0.33599138259887695
0.26223206520080566
1.2887215614318848
0.2582566738128662
0.25820326805114746
0.2545433044433594
0.2659485340118408
0.2651240825653076
0.2673001289367676
0.2554020881652832
0.26894640922546387
0.25948500633239746
0.26720428466796875
0.2636559009552002
0.256091833114624
0.3169584274291992
0.2745053768157959
0.26807188987731934
0.2572288513183594
0.27619242668151855
0.2641429901123047
0.25997376441955566
0.25627923011779785
0.2568230628967285
0.26180601119995117
0.2681770324707031
0.25533032417297363
