3.8872361183166504
1.810091257095337
1.4104278087615967
1.3393943309783936
1.3218390941619873
1.2814295291900635
1.5263056755065918
1.2923195362091064
1.3070061206817627
1.2185027599334717
1.196798324584961
1.2911694049835205
1.223881721496582
1.2551214694976807
1.279853343963623
1.3431034088134766
1.2158935070037842
1.2726399898529053
1.2417197227478027
1.2980594635009766
1.2999825477600098
1.2301602363586426
1.2302978038787842
1.2652344703674316
1.309382438659668
1.2520520687103271
1.2044453620910645
1.215780258178711
1.2049791812896729
1.3372867107391357
1.2816760540008545
1.186199426651001
1.2057771682739258
1.222733497619629
1.2483069896697998
1.2590067386627197
1.2143542766571045
1.2292511463165283
1.1574311256408691
1.4143600463867188
1.272679090499878
1.3576061725616455
1.1926887035369873
1.2890238761901855
1.1964607238769531
1.304481029510498
1.22654128074646
1.4207098484039307
1.2076563835144043
1.2371203899383545
1.2395298480987549
1.263382911682129
1.214966058731079
1.2519214153289795
1.2138125896453857
1.23744797706604
1.195450782775879
1.3408434391021729
1.2309761047363281
1.2679293155670166
1.261453628540039
1.281477928161621
1.2893586158752441
1.1732075214385986
1.2004690170288086
1.2878811359405518
1.1870758533477783
1.2336194515228271
1.3216736316680908
1.2401304244995117
1.1789071559906006
1.2313721179962158
1.1794373989105225
1.2381415367126465
1.2052626609802246
1.186098337173462
1.2258102893829346
1.236219882965088
1.250257968902588
1.171011209487915
1.2750399112701416
1.2601547241210938
1.2422244548797607
1.1795547008514404
1.3211085796356201
1.3427245616912842
1.3050694465637207
1.3457441329956055
1.1734702587127686
1.2822813987731934
1.438248634338379
1.2873656749725342
1.2329120635986328
1.2176134586334229
1.3321173191070557
1.2428534030914307
1.1616065502166748
1.38582181930542
1.2520849704742432
1.2359960079193115
1.2801096439361572
