1.2099053859710693
0.845609188079834
0.9070897102355957
0.8989336490631104
0.8597602844238281
0.8952181339263916
0.9151027202606201
0.7840046882629395
1.2472822666168213
0.7982332706451416
0.9219982624053955
0.8766307830810547
0.8911435604095459
0.8917827606201172
0.8989827632904053
0.8369085788726807
0.8451013565063477
0.8975050449371338
0.7851512432098389
0.8707671165466309
0.8621060848236084
0.814744234085083
0.820594310760498
0.7593262195587158
0.7756059169769287
0.8628089427947998
0.8571820259094238
0.8225152492523193
0.818342924118042
0.7918751239776611
0.8511199951171875
0.8187370300292969
1.0311086177825928
0.8388142585754395
0.7993874549865723
0.8372597694396973
0.7831041812896729
1.0432233810424805
1.1913540363311768
0.8905797004699707
0.854053258895874
0.782444953918457
0.8576939105987549
0.869971513748169
0.8055760860443115
0.8741531372070312
0.8760454654693604
0.8069932460784912
0.837942361831665
0.8444919586181641
0.8295803070068359
0.8417460918426514
0.8300487995147705
0.815605878829956
0.8980309963226318
0.8353245258331299
0.8452999591827393
0.8517394065856934
0.8661632537841797
0.8048808574676514
0.8423316478729248
0.8064079284667969
1.2604801654815674
0.8207974433898926
0.8670506477355957
0.768256664276123
0.9235119819641113
0.842677116394043
0.8381967544555664
0.9307866096496582
0.9261481761932373
0.8719122409820557
0.8330821990966797
0.8548769950866699
0.9272780418395996
0.8531975746154785
0.8369648456573486
0.777423620223999
0.8438918590545654
1.0847649574279785
0.9785549640655518
0.8605406284332275
0.8785958290100098
0.8665618896484375
0.7985036373138428
0.8217408657073975
0.9163229465484619
0.92685866355896
0.8710362911224365
0.8740839958190918
1.0015125274658203
0.8082058429718018
0.9542362689971924
0.7968888282775879
0.872525691986084
0.859478235244751
0.8529090881347656
0.8006012439727783
0.8506097793579102
0.7706525325775146
0.885993242263794
