1.441033124923706
1.5536527633666992
1.3015646934509277
1.4242548942565918
1.4454715251922607
1.4004054069519043
1.2750463485717773
1.1990022659301758
1.203437328338623
1.178015947341919
1.2617924213409424
1.1685881614685059
1.2136521339416504
1.2194058895111084
1.2519190311431885
1.1786303520202637
1.1953940391540527
1.3988800048828125
1.2026145458221436
1.2054080963134766
1.178086757659912
1.2191002368927002
1.194586992263794
1.2080671787261963
1.219665765762329
1.2019588947296143
1.2401177883148193
1.3226642608642578
1.1896007061004639
1.2719142436981201
1.2449913024902344
1.2069711685180664
1.249941110610962
1.3049561977386475
1.187206506729126
1.2214734554290771
1.2067456245422363
1.2127845287322998
1.3130905628204346
1.2328832149505615
1.2216839790344238
1.7077531814575195
1.4529099464416504
1.3458621501922607
1.2061691284179688
1.2295348644256592
1.3236958980560303
1.2926793098449707
1.2645974159240723
1.2217302322387695
1.2498853206634521
1.3915674686431885
1.2073686122894287
1.1674878597259521
1.3464319705963135
1.1682181358337402
1.1892509460449219
1.3556511402130127
1.1983749866485596
1.2301561832427979
1.2112281322479248
1.3309097290039062
1.3464956283569336
1.1985516548156738
1.2341995239257812
1.1630778312683105
1.2093255519866943
1.2240943908691406
1.2537968158721924
1.1916835308074951
1.2332615852355957
1.1580028533935547
1.1849799156188965
1.225764274597168
1.2413065433502197
1.2040412425994873
1.233980417251587
1.3538484573364258
1.3417301177978516
1.182734727859497
1.290907382965088
1.3642935752868652
1.3660740852355957
1.392423152923584
1.1727266311645508
1.2214581966400146
1.15557861328125
1.242997407913208
1.2972710132598877
1.288165807723999
1.4279916286468506
1.207101583480835
1.24965500831604
1.2227551937103271
1.246159553527832
1.1864104270935059
1.3837003707885742
1.3264305591583252
1.2896971702575684
1.2479708194732666
1.2579269409179688
