0.5765063762664795
0.7039649486541748
0.5720527172088623
0.5834956169128418
0.5447802543640137
0.5565695762634277
0.5459671020507812
0.6168901920318604
0.5637028217315674
0.5622851848602295
0.5348720550537109
0.6105246543884277
0.6216702461242676
0.5611295700073242
0.530632734298706
0.5525667667388916
0.5391688346862793
0.5541365146636963
0.5296027660369873
0.527193546295166
0.5623509883880615
0.5339303016662598
0.5318481922149658
0.5383696556091309
0.5396411418914795
0.5565469264984131
0.5632598400115967
0.5832090377807617
0.5394868850708008
0.5324695110321045
0.5274786949157715
0.5394101142883301
0.5592043399810791
1.5673162937164307
0.5496928691864014
0.5362362861633301
0.5317227840423584
0.525435209274292
0.5273301601409912
0.602977991104126
0.5968823432922363
0.5292494297027588
0.5799980163574219
0.5299129486083984
0.5342459678649902
0.5278565883636475
0.5385646820068359
0.5250809192657471
0.5684881210327148
0.5406272411346436
0.5343196392059326
0.5303080081939697
0.5243091583251953
0.5483641624450684
0.5344328880310059
0.5686399936676025
0.5339057445526123
0.5630748271942139
0.5312607288360596
0.5260396003723145
0.5454821586608887
0.5545718669891357
0.5460836887359619
0.540414571762085
0.5549137592315674
0.5305430889129639
0.5376391410827637
0.5271058082580566
0.5811450481414795
0.5348241329193115
0.6255574226379395
0.5352420806884766
0.535973310470581
0.5621860027313232
0.8162879943847656
0.5235679149627686
0.5778849124908447
0.5864870548248291
0.5648844242095947
0.5509819984436035
1.561004877090454
0.602180004119873
0.5258975028991699
0.5339477062225342
0.5415146350860596
0.5404822826385498
0.575535774230957
0.5574736595153809
0.5866348743438721
0.5626547336578369
0.7930727005004883
0.5294294357299805
0.5201766490936279
0.5321097373962402
0.5944321155548096
0.5232617855072021
0.5477752685546875
0.5464844703674316
0.5256314277648926
0.5258493423461914
