1.5725669860839844
0.9121556282043457
0.9058337211608887
0.8339474201202393
0.8988945484161377
0.8230533599853516
0.7903728485107422
0.9004735946655273
0.9954454898834229
0.8232240676879883
0.850513219833374
0.8807094097137451
0.8970448970794678
0.8385119438171387
0.9215817451477051
0.813718318939209
0.8866159915924072
0.8623154163360596
0.859764814376831
0.9051508903503418
0.8720583915710449
0.7496068477630615
0.7695102691650391
0.8175759315490723
0.8754537105560303
0.857133150100708
0.8816432952880859
0.8819215297698975
0.8700053691864014
0.7911529541015625
0.8292961120605469
0.7889957427978516
0.9743216037750244
0.8419530391693115
0.8218722343444824
0.9572970867156982
0.9091100692749023
0.778540849685669
0.9724488258361816
0.9158885478973389
0.8246650695800781
0.8249237537384033
0.9749319553375244
0.8263659477233887
0.9099876880645752
0.8332443237304688
1.1922516822814941
0.8338282108306885
0.831427812576294
0.8286738395690918
0.8241655826568604
0.837385892868042
0.8176877498626709
0.8551146984100342
0.8139188289642334
0.8541743755340576
0.8484306335449219
0.8888592720031738
0.9673161506652832
0.9798040390014648
0.9355678558349609
0.8488667011260986
0.8784148693084717
0.8190674781799316
0.8080182075500488
0.840479850769043
0.8093245029449463
0.7845840454101562
0.7973687648773193
0.8477308750152588
0.8012609481811523
0.8103547096252441
0.8534634113311768
0.9235413074493408
1.1032986640930176
0.9877793788909912
0.8220534324645996
0.875835657119751
0.8387017250061035
1.0474743843078613
0.8031306266784668
0.7952215671539307
1.0225317478179932
1.091848611831665
0.8950376510620117
0.8516092300415039
0.8195362091064453
0.8457341194152832
0.8139586448669434
1.081578254699707
0.9019627571105957
0.8054039478302002
0.9005236625671387
0.9853036403656006
0.9073622226715088
0.8289353847503662
0.7924923896789551
0.8404779434204102
0.7871217727661133
0.8697612285614014
0.8708088397979736
0.8305213451385498
