2.8779444694519043
1.2708094120025635
1.312431812286377
1.2618727684020996
1.2205748558044434
1.378431797027588
1.203216314315796
1.20198655128479
1.4181392192840576
1.4736597537994385
1.296191930770874
1.2619283199310303
2.3026418685913086
1.4186015129089355
1.279465913772583
1.3578517436981201
1.2293012142181396
1.4211864471435547
1.237910270690918
1.2308881282806396
1.2980172634124756
1.2608628273010254
1.2808904647827148
1.2468204498291016
1.3548130989074707
1.2131705284118652
1.215865135192871
1.2374379634857178
1.5841591358184814
1.1517791748046875
1.177988052368164
1.2418603897094727
1.2579729557037354
1.2337610721588135
1.33536958694458
1.226672887802124
1.4718959331512451
1.4895834922790527
2.4466733932495117
5.220110654830933
1.2341766357421875
1.1811866760253906
1.2523760795593262
1.329286813735962
1.2303509712219238
1.2183849811553955
1.26198410987854
1.226353645324707
1.204066276550293
1.2842040061950684
1.1867029666900635
1.263115644454956
1.2722094058990479
1.2712435722351074
1.2155611515045166
1.2396833896636963
1.2221932411193848
1.2588794231414795
1.3138062953948975
1.4791655540466309
1.2305572032928467
1.2613506317138672
1.191396951675415
1.256044864654541
1.299734115600586
1.2615196704864502
1.228921890258789
1.3200535774230957
1.2957923412322998
1.2634334564208984
1.2420659065246582
1.2762155532836914
1.445152759552002
1.2119922637939453
1.2532017230987549
1.2483603954315186
1.2549142837524414
1.3500175476074219
1.342153787612915
1.2320337295532227
1.2627432346343994
1.207228183746338
1.197061538696289
1.2809882164001465
1.2307446002960205
1.2633914947509766
1.2496042251586914
1.2144908905029297
1.5716826915740967
1.2516703605651855
1.356689214706421
1.2577261924743652
1.4315769672393799
1.234018325805664
1.2142643928527832
1.2949402332305908
1.174203872680664
1.2015557289123535
1.3208458423614502
1.2141342163085938
1.2108147144317627
