0.19606828689575195
0.18564510345458984
0.5710964202880859
0.22854876518249512
0.18555593490600586
0.19144272804260254
0.18480253219604492
0.2153487205505371
0.18717694282531738
0.18732619285583496
0.18625235557556152
0.19225001335144043
0.18895840644836426
0.1871635913848877
0.18585419654846191
0.18695974349975586
0.19661331176757812
0.19565773010253906
0.18616390228271484
0.18586182594299316
0.18614816665649414
0.18564224243164062
0.188126802444458
0.18785572052001953
0.18770074844360352
0.18551206588745117
0.1838233470916748
0.24872303009033203
0.1847999095916748
0.1851048469543457
0.18999457359313965
0.1890575885772705
0.18430757522583008
0.18331432342529297
0.1970069408416748
0.18474650382995605
0.18632149696350098
0.18697571754455566
0.19559407234191895
0.18879961967468262
0.18734073638916016
0.2438502311706543
0.18371891975402832
0.1838395595550537
0.1836531162261963
0.1858687400817871
0.19005250930786133
0.18444490432739258
0.18811750411987305
0.18745660781860352
0.19635891914367676
0.1861250400543213
0.1880781650543213
0.18462371826171875
0.1869957447052002
0.18771672248840332
0.18517446517944336
0.1865377426147461
0.19042706489562988
0.18537044525146484
0.19837737083435059
0.1860647201538086
0.19698333740234375
0.19010305404663086
0.18322968482971191
0.19555354118347168
0.18438982963562012
0.18755054473876953
0.1881859302520752
0.19780373573303223
0.1871016025543213
0.18832898139953613
0.1849050521850586
0.18822526931762695
0.18549609184265137
0.18568134307861328
0.29962825775146484
0.1886448860168457
0.1866312026977539
0.1871473789215088
0.18841910362243652
0.19923686981201172
0.1864631175994873
0.1897907257080078
0.18943548202514648
0.1871352195739746
0.1907193660736084
0.18938899040222168
0.19032979011535645
0.1870119571685791
0.19054245948791504
0.18541407585144043
0.18526387214660645
0.18269062042236328
0.18512558937072754
0.21291661262512207
0.19155216217041016
0.19076228141784668
0.19024014472961426
0.18846893310546875
