0.4010443687438965
0.41463398933410645
0.39036989212036133
0.3922767639160156
0.39141130447387695
0.4110836982727051
0.4116992950439453
0.41059398651123047
0.40138912200927734
0.46370959281921387
0.4112284183502197
0.4108390808105469
0.40949583053588867
0.46207141876220703
0.39382052421569824
0.3940010070800781
0.4100816249847412
0.4106264114379883
0.3981506824493408
0.4971344470977783
0.4059638977050781
0.43750476837158203
0.4096057415008545
0.3964202404022217
0.4544212818145752
1.413902997970581
0.3944416046142578
0.41017937660217285
0.4640929698944092
0.46541404724121094
0.41083645820617676
0.3914055824279785
0.42304253578186035
0.3953266143798828
0.4136929512023926
0.4098503589630127
0.4114248752593994
0.409853458404541
0.410569429397583
0.4015932083129883
0.4083869457244873
0.4107394218444824
0.39198899269104004
0.45820188522338867
0.4104464054107666
0.39121484756469727
0.4092433452606201
0.7164247035980225
0.3984415531158447
0.39098620414733887
0.39023351669311523
0.39284753799438477
0.39505982398986816
0.4075355529785156
0.4104034900665283
0.39519286155700684
0.39510536193847656
0.38971495628356934
0.4102044105529785
0.40096426010131836
0.40984463691711426
0.40843868255615234
0.4101383686065674
0.40984249114990234
0.6057250499725342
0.4038717746734619
0.4092886447906494
0.4041006565093994
0.4085986614227295
0.444927453994751
0.409717321395874
0.45713138580322266
0.3898582458496094
0.4095609188079834
0.399899959564209
0.39342808723449707
0.39875364303588867
0.4089195728302002
0.4091908931732178
0.4105076789855957
0.46077418327331543
0.4529232978820801
0.4728665351867676
0.3925812244415283
0.40955567359924316
0.4613029956817627
0.6565694808959961
0.3958165645599365
0.4159219264984131
0.4100930690765381
0.4629511833190918
0.39607691764831543
0.3937056064605713
0.4168682098388672
0.4097249507904053
0.45856761932373047
0.409329891204834
0.4041464328765869
0.4100813865661621
0.4505016803741455
