3.281609296798706
0.8850510120391846
0.9311559200286865
0.911067008972168
0.8572344779968262
0.8534626960754395
0.8879599571228027
0.9246149063110352
0.9370496273040771
0.852053165435791
0.8331053256988525
0.8352060317993164
0.8277342319488525
0.7996425628662109
0.8159377574920654
0.8446640968322754
0.8444802761077881
0.8240091800689697
0.8198778629302979
0.8319215774536133
0.8253114223480225
0.8247101306915283
0.8544223308563232
0.8755197525024414
0.8059678077697754
0.8605663776397705
0.7857539653778076
0.8414616584777832
0.8410501480102539
0.7941539287567139
0.8282291889190674
0.8461675643920898
0.8040063381195068
0.8369753360748291
0.7536211013793945
0.8341410160064697
0.7735891342163086
0.8490622043609619
1.0050528049468994
0.8327279090881348
0.8849530220031738
0.8252356052398682
0.7914183139801025
0.8354446887969971
0.8547003269195557
0.8329141139984131
0.806617021560669
0.7851498126983643
0.8606762886047363
1.1123180389404297
0.831913948059082
0.8475899696350098
0.8071248531341553
0.798466682434082
0.8462710380554199
0.8589012622833252
