3.0900514125823975
1.9670741558074951
1.3024044036865234
1.2538294792175293
1.3077061176300049
1.2262260913848877
1.3430826663970947
1.4856829643249512
1.3987646102905273
1.4144806861877441
1.4449987411499023
1.3365256786346436
1.2886300086975098
1.3808960914611816
1.324347972869873
1.2952568531036377
1.3068795204162598
1.2434756755828857
1.3314120769500732
1.325460433959961
1.2655746936798096
1.2570595741271973
1.2563953399658203
1.3293492794036865
1.2520966529846191
1.2818195819854736
1.249526023864746
1.2673649787902832
1.383239507675171
1.2498753070831299
1.1917369365692139
1.3370602130889893
1.2612411975860596
1.3034389019012451
1.2485873699188232
1.2537918090820312
1.3290925025939941
1.3058345317840576
1.36962890625
1.3455896377563477
1.3111217021942139
1.3309552669525146
1.238234281539917
1.2895197868347168
1.3449170589447021
1.2587971687316895
1.336618185043335
1.2776415348052979
1.4647457599639893
1.334151029586792
1.26301908493042
1.2712643146514893
1.2666232585906982
1.2920606136322021
1.2997541427612305
1.302363634109497
1.244199514389038
1.315321683883667
1.2921860218048096
1.3369019031524658
1.285271167755127
1.2034826278686523
1.369596242904663
1.249208927154541
1.3078839778900146
1.3452718257904053
1.2749803066253662
1.2436425685882568
1.287001371383667
1.3118114471435547
1.322277545928955
1.3346621990203857
1.2898426055908203
1.3244082927703857
1.3163905143737793
1.7265446186065674
1.3102643489837646
1.3553578853607178
1.2646558284759521
1.321674108505249
1.2791492938995361
1.438511848449707
1.2748949527740479
1.2599163055419922
1.4574565887451172
1.2338855266571045
1.2660164833068848
1.2805345058441162
1.2904396057128906
1.4721693992614746
1.2091164588928223
1.2758193016052246
1.2595396041870117
1.336932897567749
1.2085061073303223
1.2728092670440674
1.3369016647338867
1.398367166519165
1.2584271430969238
1.2892024517059326
1.264270305633545
