0.3771986961364746
1.4377233982086182
0.3583071231842041
0.35849714279174805
0.3820667266845703
0.3584291934967041
0.3585240840911865
0.4052896499633789
0.4326341152191162
0.40799713134765625
0.368084192276001
0.35851502418518066
0.5354664325714111
0.35803794860839844
0.3582749366760254
0.4308309555053711
0.3579592704772949
0.35906100273132324
1.3733060359954834
0.38172173500061035
0.3674948215484619
1.4566829204559326
0.43384623527526855
0.4321939945220947
0.43210577964782715
0.35774970054626465
0.4343862533569336
0.35846471786499023
0.3886730670928955
0.36541128158569336
0.3582029342651367
0.3587796688079834
0.35729002952575684
0.43471598625183105
0.4328269958496094
0.3683664798736572
1.4724295139312744
0.3592367172241211
0.3581840991973877
0.3579719066619873
0.4327082633972168
0.3586728572845459
0.4335930347442627
0.43428516387939453
0.4342036247253418
0.43364620208740234
0.43317341804504395
0.36583399772644043
0.4326047897338867
0.36882662773132324
0.3658461570739746
0.4006819725036621
0.43506574630737305
0.358381986618042
0.43289780616760254
0.35846686363220215
0.35793423652648926
0.3586313724517822
0.38130640983581543
0.3589661121368408
0.43348121643066406
0.43275022506713867
0.43346595764160156
0.40711164474487305
0.3584110736846924
0.37862324714660645
0.43369197845458984
0.4342331886291504
0.4325239658355713
0.4333310127258301
0.43343043327331543
0.358508825302124
0.3802614212036133
0.36731910705566406
0.3665781021118164
0.3664088249206543
0.43364810943603516
0.3577291965484619
0.35889101028442383
0.35902929306030273
0.4338672161102295
0.35758042335510254
0.4335005283355713
0.36841320991516113
0.3665785789489746
0.3590126037597656
0.3594059944152832
0.4040534496307373
0.40916943550109863
0.35904717445373535
0.35887861251831055
0.3977203369140625
0.3982048034667969
0.367598295211792
0.4321858882904053
0.43288373947143555
0.3660595417022705
0.4174537658691406
0.36644649505615234
0.448932409286499
