1.9361834526062012
1.155095100402832
1.1291038990020752
1.1284048557281494
1.2026088237762451
1.174713134765625
1.0900986194610596
1.1627781391143799
1.128098964691162
1.1075615882873535
1.111525297164917
1.300074577331543
1.1552276611328125
1.2523162364959717
1.1119704246520996
1.1471774578094482
1.0840065479278564
1.142683982849121
1.08439302444458
1.066946268081665
1.1207773685455322
1.1098911762237549
1.1478400230407715
1.131868839263916
1.0902907848358154
1.0766236782073975
1.059898853302002
1.0024113655090332
1.1667726039886475
1.1075544357299805
1.0649878978729248
1.1935267448425293
1.1087896823883057
1.1951630115509033
1.1778738498687744
1.290964126586914
1.096550464630127
1.1632471084594727
1.0997443199157715
1.1091525554656982
1.1807758808135986
1.1962316036224365
1.1667568683624268
1.1568913459777832
1.1441066265106201
1.120952844619751
1.2345476150512695
1.1602437496185303
1.2389845848083496
1.1995723247528076
1.239490270614624
1.0466954708099365
1.1486587524414062
1.1517095565795898
1.111783742904663
1.1124863624572754
1.0974373817443848
1.3383100032806396
1.1252825260162354
1.0847923755645752
1.0764365196228027
1.1102294921875
1.1697731018066406
1.2095913887023926
1.1523151397705078
1.08022141456604
1.1157846450805664
1.1290338039398193
1.256791114807129
1.1275041103363037
1.0748400688171387
1.1627562046051025
1.1596150398254395
1.1407699584960938
1.1367745399475098
1.0901987552642822
1.1007139682769775
1.0877015590667725
1.169590950012207
1.097224473953247
1.2857189178466797
1.1946911811828613
1.1762564182281494
1.1650776863098145
1.0883538722991943
1.0898635387420654
1.1422033309936523
1.103186845779419
1.1971094608306885
1.0612108707427979
1.0838978290557861
1.0778417587280273
1.0300507545471191
1.0545578002929688
1.1213200092315674
1.1148033142089844
1.1078884601593018
1.0894827842712402
1.1712861061096191
1.100597620010376
1.121565341949463
