0.44449830055236816
0.341280460357666
0.32093095779418945
0.32881975173950195
0.3199586868286133
0.4313623905181885
0.3134026527404785
0.3399055004119873
0.3127610683441162
0.3482382297515869
0.3132181167602539
0.3117940425872803
0.3135037422180176
0.32089948654174805
0.3123471736907959
0.32088160514831543
0.32117629051208496
0.3223247528076172
0.3224334716796875
0.3493049144744873
0.3474607467651367
0.31376218795776367
0.31343698501586914
0.3141469955444336
0.3151392936706543
0.3129706382751465
0.31378984451293945
0.3134725093841553
0.3424551486968994
0.4171719551086426
0.3424341678619385
0.4143962860107422
0.31305718421936035
0.31268787384033203
0.3211822509765625
0.3132200241088867
0.3217620849609375
0.3225882053375244
0.3315465450286865
0.3205583095550537
0.34184885025024414
0.3123795986175537
0.3132762908935547
0.312915563583374
0.31384706497192383
0.3222160339355469
0.31280946731567383
1.3866851329803467
0.3211503028869629
0.4118967056274414
0.31401824951171875
0.31238412857055664
0.3134276866912842
0.31278133392333984
0.32113051414489746
0.313190221786499
0.3214240074157715
0.3210735321044922
0.31647276878356934
0.34949636459350586
0.32280802726745605
0.39516711235046387
0.3215007781982422
0.3134760856628418
0.34157443046569824
0.41243481636047363
0.34145474433898926
0.32195496559143066
0.3215761184692383
0.32203197479248047
0.31340622901916504
0.31559228897094727
0.31395769119262695
0.3221244812011719
0.3132901191711426
0.3263742923736572
0.3133697509765625
0.32253146171569824
0.3499722480773926
0.37747645378112793
0.3132004737854004
0.31369590759277344
0.35003018379211426
0.3589746952056885
0.3136751651763916
0.3217775821685791
0.3920111656188965
0.32267141342163086
0.4199399948120117
0.32184457778930664
0.3132004737854004
1.3373093605041504
0.37456345558166504
0.31309032440185547
0.31369566917419434
0.3215200901031494
0.32174205780029297
0.3127284049987793
0.3131859302520752
0.3132786750793457
