0.6609957218170166
0.5988609790802002
0.9390239715576172
0.5937762260437012
0.5788397789001465
0.5752880573272705
0.6081955432891846
0.5622961521148682
0.5924582481384277
0.581310510635376
0.5984585285186768
0.5654911994934082
0.5723011493682861
0.5793685913085938
0.5611765384674072
0.5739684104919434
1.5770580768585205
0.8570764064788818
0.5619344711303711
0.5817153453826904
0.5651023387908936
0.5834903717041016
0.5927081108093262
0.578655481338501
0.5755939483642578
0.5757913589477539
0.5722780227661133
0.5851714611053467
0.5655777454376221
0.592207670211792
0.587099552154541
0.5865705013275146
0.7280917167663574
0.5571761131286621
0.5613851547241211
0.5567588806152344
0.5632779598236084
0.7360589504241943
0.5601992607116699
0.5678315162658691
0.5885684490203857
0.5688748359680176
0.6067018508911133
0.5567526817321777
0.5701234340667725
0.6039493083953857
0.5744743347167969
0.8322317600250244
0.6150918006896973
0.5569865703582764
0.5605981349945068
0.5653536319732666
0.5568182468414307
0.5749423503875732
0.7907249927520752
0.5612330436706543
0.5849878787994385
0.5604434013366699
0.587364912033081
0.6117815971374512
0.5579464435577393
0.5777454376220703
0.5619387626647949
0.5895769596099854
0.5829911231994629
0.560011625289917
0.6987662315368652
0.5734500885009766
0.5580239295959473
0.6186859607696533
0.5661659240722656
0.5583162307739258
0.6207156181335449
0.5745797157287598
0.5743470191955566
0.5599746704101562
0.5808095932006836
0.5616111755371094
0.8665928840637207
0.5798051357269287
0.5766956806182861
0.5760624408721924
0.5772237777709961
0.5803096294403076
0.906989336013794
0.5754616260528564
0.5870480537414551
0.5586597919464111
0.612062931060791
0.7612686157226562
0.5568711757659912
0.6223664283752441
0.5776252746582031
0.5561432838439941
0.6063880920410156
0.5575656890869141
0.5813939571380615
0.5603680610656738
0.5795221328735352
0.6735928058624268
