0.40051770210266113
0.35800933837890625
0.4753227233886719
0.41132116317749023
0.3629934787750244
0.40767574310302734
0.35408759117126465
0.40523219108581543
0.42285752296447754
0.3569185733795166
0.4078025817871094
0.45558595657348633
0.3703644275665283
0.46539855003356934
0.3650014400482178
0.34671926498413086
0.34615278244018555
0.5422494411468506
0.37038183212280273
0.3524494171142578
0.34429240226745605
0.367415189743042
0.4317626953125
0.3764767646789551
0.37862324714660645
0.35015106201171875
0.3514888286590576
0.3495190143585205
0.34918785095214844
0.40226030349731445
0.347109317779541
0.3627631664276123
0.3461775779724121
0.3576841354370117
0.36612582206726074
0.3474459648132324
0.3614070415496826
0.3418457508087158
0.5581531524658203
0.3593578338623047
0.3563225269317627
0.3570725917816162
0.5775206089019775
0.34686779975891113
0.3524501323699951
0.5600161552429199
0.34740138053894043
0.3508298397064209
0.36410951614379883
0.3417050838470459
0.350696325302124
0.3551468849182129
0.364058256149292
0.3665459156036377
0.42007875442504883
0.3472471237182617
0.3540632724761963
1.344057559967041
0.3522152900695801
0.39206576347351074
0.44584155082702637
0.365405797958374
0.3782494068145752
0.35047054290771484
0.34783339500427246
0.36078763008117676
0.3640420436859131
0.34256839752197266
0.3718597888946533
0.3670175075531006
0.4606137275695801
0.37133288383483887
0.36672306060791016
0.3590371608734131
0.7501440048217773
0.34158992767333984
0.34685206413269043
0.42825889587402344
0.3460397720336914
0.3885376453399658
0.3504793643951416
0.4139382839202881
0.3563985824584961
0.689129114151001
0.3545048236846924
0.3490297794342041
0.34902334213256836
0.3777472972869873
0.3865211009979248
0.351487398147583
0.36981749534606934
0.34148454666137695
0.35252857208251953
0.3553941249847412
0.36963820457458496
0.5780272483825684
0.3503859043121338
0.3468484878540039
0.36418867111206055
0.36504602432250977
