1.0656063556671143
0.6891188621520996
1.2135272026062012
0.655817985534668
0.932197093963623
0.7056820392608643
0.6797149181365967
0.6883766651153564
0.6583006381988525
0.6759397983551025
0.7446906566619873
0.6766557693481445
0.6746084690093994
0.6566832065582275
0.6622419357299805
0.7385144233703613
0.6851053237915039
0.6584560871124268
0.655433177947998
0.6904120445251465
0.6951179504394531
0.6830108165740967
0.6594510078430176
0.6825911998748779
0.6666445732116699
0.6732344627380371
0.8162586688995361
0.6576533317565918
0.6812934875488281
0.6585595607757568
0.6733291149139404
0.6787662506103516
0.654146671295166
0.6809768676757812
0.7737011909484863
0.651324987411499
0.6568715572357178
0.6675717830657959
0.6597378253936768
0.8081378936767578
0.6568305492401123
0.6592018604278564
0.6573348045349121
0.6652271747589111
0.656853437423706
0.657555103302002
0.6965034008026123
0.6597862243652344
0.6595814228057861
0.6638634204864502
0.6902956962585449
0.6583454608917236
0.6608433723449707
0.8133060932159424
0.660332202911377
0.657294511795044
0.659515380859375
0.6654527187347412
0.6625957489013672
0.6620438098907471
0.6625440120697021
0.6820986270904541
0.6536929607391357
0.6638386249542236
0.6575832366943359
0.7051374912261963
0.6586112976074219
1.6912202835083008
0.6553547382354736
0.662797212600708
0.6586613655090332
0.6604993343353271
0.6792066097259521
0.6799349784851074
0.6767840385437012
0.6563460826873779
0.6832263469696045
0.6552083492279053
0.6577908992767334
0.6747646331787109
0.661121129989624
0.6828007698059082
0.6570634841918945
0.6660146713256836
0.655937910079956
0.6655788421630859
0.6821062564849854
0.6626846790313721
0.6584818363189697
0.6578283309936523
0.661325216293335
0.6682517528533936
0.7055134773254395
0.6630599498748779
0.6939234733581543
0.6581094264984131
0.655684232711792
0.6607723236083984
0.66192626953125
0.6780703067779541
