3.672804355621338
0.6879379749298096
0.7493782043457031
1.5654258728027344
0.7587771415710449
0.6155292987823486
0.5466811656951904
0.6141233444213867
0.5578434467315674
0.6841244697570801
0.5804178714752197
0.5640792846679688
1.614013433456421
0.6010937690734863
0.5889997482299805
0.5806944370269775
0.5635778903961182
0.758145809173584
0.7339754104614258
0.7669327259063721
0.7254555225372314
0.5488829612731934
0.5636117458343506
0.5731091499328613
0.7525527477264404
0.5714399814605713
0.5772058963775635
0.633718729019165
0.550307035446167
0.5508058071136475
0.763599157333374
0.5465173721313477
0.5501458644866943
0.5616965293884277
0.6568174362182617
0.5417013168334961
0.6528415679931641
0.6077268123626709
0.5491783618927002
0.5482668876647949
0.5796487331390381
0.5484018325805664
0.5504322052001953
0.5908262729644775
0.56553053855896
0.6396701335906982
0.5557117462158203
0.5699594020843506
0.5479273796081543
0.5500633716583252
0.5482032299041748
0.5605616569519043
0.5690784454345703
0.5573527812957764
0.5539770126342773
0.5789122581481934
0.5454480648040771
0.5529332160949707
0.578606128692627
0.6159358024597168
0.5584192276000977
0.5472862720489502
0.5765118598937988
0.548537015914917
0.5427525043487549
0.5509881973266602
0.697068452835083
0.6039652824401855
0.6054103374481201
0.7316105365753174
0.5526800155639648
0.5772738456726074
0.6160285472869873
0.5906662940979004
0.6047024726867676
0.6431179046630859
0.7637131214141846
0.5529496669769287
0.6969187259674072
0.5615606307983398
0.54638671875
0.5478127002716064
0.5693514347076416
0.6882293224334717
0.5522832870483398
0.5452592372894287
0.6126227378845215
0.7207155227661133
0.6054966449737549
0.7133321762084961
0.676110029220581
0.6176106929779053
0.7452261447906494
0.9590320587158203
0.5726139545440674
0.5659761428833008
0.568458080291748
0.5912203788757324
0.7383613586425781
0.5691251754760742
