0.15843796730041504
0.1441483497619629
0.14651155471801758
0.14623355865478516
0.14609265327453613
0.14620709419250488
0.14448165893554688
1.1599273681640625
0.1462085247039795
0.1459050178527832
0.147996187210083
0.14686250686645508
0.14535975456237793
0.14551472663879395
0.14528799057006836
0.14606070518493652
0.1459517478942871
0.14673614501953125
0.14580774307250977
0.14645004272460938
0.1455676555633545
0.14804840087890625
0.1468970775604248
1.1534647941589355
0.1459794044494629
0.14589786529541016
0.14581918716430664
0.1463313102722168
0.1459803581237793
0.14714455604553223
0.14717316627502441
0.14759612083435059
0.1470017433166504
0.1462078094482422
0.14630126953125
0.14697670936584473
0.14703941345214844
0.14593291282653809
0.14573907852172852
0.14646387100219727
0.14625287055969238
0.1478121280670166
0.14690089225769043
0.1455531120300293
0.14698433876037598
0.1458423137664795
0.14826011657714844
0.14646363258361816
0.14548683166503906
0.14860820770263672
0.14859533309936523
0.14747977256774902
0.1456010341644287
0.14603543281555176
0.14760708808898926
0.14551019668579102
0.14722251892089844
0.1445939540863037
0.14703655242919922
0.14654970169067383
0.14577794075012207
0.14809513092041016
0.14758753776550293
0.14704012870788574
0.14825224876403809
0.14705562591552734
0.14568662643432617
0.1482396125793457
0.14676308631896973
0.3072066307067871
0.1456601619720459
0.21136927604675293
0.22604990005493164
0.18537473678588867
0.22764849662780762
0.22699618339538574
0.36164379119873047
0.22708964347839355
0.23074746131896973
0.23067879676818848
0.14661192893981934
0.14568161964416504
0.14606213569641113
0.14681005477905273
0.1455521583557129
0.1472916603088379
0.1454637050628662
0.14600443840026855
0.14580774307250977
0.6081521511077881
0.1456620693206787
0.1473536491394043
0.1464991569519043
0.14597558975219727
0.14539623260498047
0.14711594581604004
0.14728188514709473
0.14614415168762207
0.14597439765930176
0.14517426490783691
