1.4421091079711914
1.3508622646331787
1.5032641887664795
1.3584752082824707
1.4527690410614014
1.333834171295166
1.3522937297821045
1.2995738983154297
1.3241426944732666
1.33986234664917
1.4268162250518799
1.3498632907867432
1.338094711303711
1.294616937637329
1.3677895069122314
1.2989842891693115
1.3221397399902344
1.3697431087493896
1.304600715637207
1.365079402923584
1.3592488765716553
1.3920037746429443
1.393465518951416
1.3668005466461182
1.3522632122039795
1.3112077713012695
1.3792212009429932
1.332855463027954
1.2866206169128418
1.2959959506988525
1.3662173748016357
1.296482801437378
1.3686692714691162
1.3006987571716309
1.537156581878662
1.7391831874847412
1.3155646324157715
1.3395261764526367
1.4448261260986328
1.3123383522033691
1.4595122337341309
1.5344817638397217
1.3578007221221924
1.3200209140777588
1.3435566425323486
1.359936237335205
1.3505480289459229
1.477705717086792
1.3554658889770508
1.3901960849761963
1.3567845821380615
1.361436128616333
1.3841767311096191
1.348186731338501
1.4043893814086914
1.321396827697754
1.3072547912597656
1.3179800510406494
1.4022424221038818
1.3076801300048828
1.3784286975860596
1.3035166263580322
1.3533401489257812
1.4244880676269531
1.3742039203643799
1.3195736408233643
1.4556095600128174
1.2684664726257324
1.3305954933166504
1.3075003623962402
1.3745410442352295
1.3718459606170654
1.399897813796997
1.4148938655853271
1.5423424243927002
1.3265905380249023
1.360884666442871
1.3905692100524902
1.3411531448364258
1.4617905616760254
1.3525292873382568
1.303070306777954
1.5125648975372314
1.3250362873077393
1.507746934890747
1.429232120513916
1.3917582035064697
1.443584680557251
1.3459250926971436
1.3515520095825195
1.4618985652923584
1.4282829761505127
1.3829565048217773
1.4669346809387207
1.5414798259735107
1.3179423809051514
1.3484950065612793
1.3442351818084717
1.357863187789917
1.2489516735076904
1.3623085021972656
