0.09650802612304688
0.08573031425476074
0.08719325065612793
0.08620810508728027
0.08843016624450684
0.08678150177001953
0.08831405639648438
0.08631467819213867
0.08713698387145996
0.08817934989929199
0.08736848831176758
0.0880289077758789
0.08805513381958008
0.08764266967773438
0.0870659351348877
0.08612442016601562
0.08725857734680176
0.08695840835571289
0.08753681182861328
0.08696341514587402
0.08723568916320801
0.08731770515441895
0.08841252326965332
0.08758187294006348
0.08758234977722168
0.08803653717041016
0.090301513671875
0.08613991737365723
0.08755683898925781
0.08997631072998047
0.08744430541992188
0.08757185935974121
0.08733797073364258
0.08751440048217773
0.08612751960754395
0.08831977844238281
0.08568358421325684
0.08616042137145996
0.08765411376953125
0.08749890327453613
0.0867466926574707
0.08591532707214355
0.08658814430236816
0.0866997241973877
0.08844995498657227
0.0872044563293457
0.08861827850341797
0.08702373504638672
0.08844995498657227
0.08662700653076172
0.08769869804382324
0.08885645866394043
0.0879664421081543
0.08697724342346191
0.08760356903076172
0.08691072463989258
0.08713912963867188
0.08708786964416504
0.08788800239562988
0.08728408813476562
0.08787679672241211
0.0882103443145752
0.08662247657775879
0.0862128734588623
0.08720970153808594
0.08609628677368164
0.08712053298950195
0.08704113960266113
0.08659529685974121
0.0877537727355957
0.08757925033569336
0.08534550666809082
0.08636808395385742
0.08669161796569824
0.08833479881286621
0.08714938163757324
0.08823990821838379
0.08693242073059082
0.08735990524291992
0.08742403984069824
0.08626055717468262
0.08652734756469727
0.08595681190490723
0.08746004104614258
0.08699631690979004
0.08710050582885742
0.08743906021118164
0.08636283874511719
0.08633947372436523
0.08748006820678711
0.08753490447998047
0.08697915077209473
0.0875086784362793
0.08567667007446289
0.08527207374572754
0.08729410171508789
0.08619379997253418
0.0868065357208252
0.08693885803222656
0.08832025527954102
