0.2841963768005371
0.2460794448852539
0.23875045776367188
0.2635314464569092
0.25872302055358887
0.2524998188018799
0.2456648349761963
0.2421555519104004
0.24048900604248047
0.24234938621520996
0.23176908493041992
0.2486128807067871
0.2508888244628906
0.25354671478271484
0.2569451332092285
0.28078174591064453
0.23417282104492188
0.24230337142944336
0.2511754035949707
0.24029111862182617
0.25867247581481934
0.24547767639160156
0.24382400512695312
0.24349117279052734
0.26283955574035645
0.2485804557800293
0.2451460361480713
0.24166274070739746
0.24849653244018555
0.24130725860595703
0.25479984283447266
0.2578566074371338
0.25317955017089844
0.25771069526672363
0.24383926391601562
0.25116848945617676
0.27311158180236816
0.23539161682128906
0.2502415180206299
0.24518513679504395
0.24173712730407715
0.23398733139038086
0.3324601650238037
0.2399442195892334
0.244704008102417
0.24054789543151855
0.2821657657623291
0.24381613731384277
0.24382853507995605
0.23969149589538574
0.24512791633605957
0.29239439964294434
0.2422332763671875
0.24576187133789062
0.25192904472351074
0.24335122108459473
0.23686456680297852
0.24724388122558594
0.24021077156066895
0.24352312088012695
0.25051140785217285
0.24326348304748535
0.24732422828674316
0.2440481185913086
0.25490617752075195
0.26395249366760254
0.24268341064453125
0.24167466163635254
0.2457740306854248
0.2428267002105713
0.24883270263671875
0.2467052936553955
0.24535775184631348
0.25784778594970703
0.24990487098693848
0.24991154670715332
0.3061850070953369
0.23976635932922363
0.23987030982971191
0.253997802734375
0.23966765403747559
0.24348950386047363
0.24682903289794922
0.23989629745483398
0.25206947326660156
0.24180889129638672
0.2625393867492676
0.24300122261047363
0.24022769927978516
0.24660372734069824
0.32794833183288574
0.24740958213806152
0.24505901336669922
0.26029467582702637
0.2669527530670166
0.25046396255493164
0.24395203590393066
0.24574708938598633
0.24677228927612305
0.25312113761901855
