0.5173914432525635
0.37842297554016113
0.3983638286590576
0.3622767925262451
0.3568587303161621
0.38781285285949707
0.3762547969818115
0.3459162712097168
0.37116003036499023
0.34654831886291504
0.3699829578399658
0.3466649055480957
0.36258530616760254
0.358121395111084
0.35428786277770996
0.35547542572021484
0.38956522941589355
0.37000322341918945
0.36583733558654785
0.35149550437927246
0.39765477180480957
0.3774731159210205
0.34042811393737793
0.3682136535644531
0.3744962215423584
0.3467981815338135
0.400501012802124
0.3581271171569824
0.3504471778869629
0.3676419258117676
0.3492903709411621
0.350247859954834
0.3763766288757324
0.3879694938659668
0.38797593116760254
0.3774690628051758
0.3890080451965332
0.3786756992340088
0.3578941822052002
0.3506612777709961
0.46911168098449707
0.6417627334594727
0.5233359336853027
0.6214737892150879
0.4488515853881836
0.3680543899536133
0.35491466522216797
0.33938169479370117
0.32934021949768066
0.3423614501953125
0.34935951232910156
0.3862953186035156
0.3439631462097168
0.3602151870727539
0.347672700881958
0.3856170177459717
0.3858311176300049
0.429715633392334
0.36338329315185547
0.3773462772369385
0.36103224754333496
0.3551044464111328
0.3693962097167969
0.35248708724975586
0.38315439224243164
0.3605070114135742
0.34519410133361816
0.3412353992462158
0.3411135673522949
0.3553273677825928
0.3738398551940918
0.3616001605987549
0.37006449699401855
0.3430624008178711
0.36601805686950684
0.36623668670654297
0.35601210594177246
0.36337804794311523
0.36052989959716797
0.3444039821624756
0.3373739719390869
0.3415992259979248
0.3796675205230713
0.36058616638183594
0.3398096561431885
0.3574187755584717
0.45267200469970703
0.4094047546386719
0.3495340347290039
0.35692906379699707
0.37294459342956543
0.4089193344116211
0.3915684223175049
0.365825891494751
0.34804630279541016
0.3501107692718506
0.353344202041626
0.3729248046875
0.3512871265411377
0.3717174530029297
